164388
164389
164390
164391
164392
164393
164394
164395
164396
164397
164398
164399
164400
164401
164402
164403
164404
164405
164406
164407
164408
164409
164410
164411
164412
164413
164414
164415
164416
164417
164418
164419
164420
164421
164422
164423
164424
164425
164426
164427
164428
164429
164430
164431
164432
164433
164434
164435
164436
164437
164438
164439
164440
164441
164442
164782
164783
164784
164785
164786
164787
164788
164789
164790
164791
164792
164793
164794
164795
164796
164797
164798
164799
164800
164801
164802
164803
164804
164805
164806
164807
164808
164809
164810
164811
164812
164813
164814
164815
164816
164817
164818
164819
164820
164821
164822
164823
164824
164825
164826
164827
164828
164829
164830
164831
164832
164833
164834
164835
164836
164837
164838
164839
166255
166256
166257
166258
166259
166260
166261
166262
166263
166264
166265
166266
166267
166268
166269
166270
166271
166272
166273
166274
166275
166276
166277
166278
166279
166280
166281
166282
166283
166284
166285
166286
166287
166288
166289
166290
166291
166292
166293
166294
166295
166296
166297
166298
166299
166741
166742
166743
166744
166745
166746
166747
166748
166749
166750
166751
166752
166753
166754
166755
166756
166757
166758
166759
166760
166761
166762
166763
166764
166765
166766
166767
166768
166769
166770
166771
166772
166773
166774
166775
166776
166777
166778
166779
166780
166781
166782
166783
166784
166785
166786
166787
166788
166789
166790
166791
166792
166793
167295
167296
167297
167298
167299
167300
167301
167302
167303
167304
167305
167306
167307
167308
167309
167310
167311
167312
167313
167314
167315
167316
167317
167318
167319
167320
167321
167322
167323
167324
167325
167326
167327
167328
167329
167330
167331
167332
167333
167334
167335
167336
167337
167338
167339
167340
167341
167342
167343
167344
167345
167346
167347
167348
167349
167350
167351
167352
167353
167354
167355
167356
167357
167358
167359
167360
167361
167362
167363
167364
167365
167366
167367
167368
167369
167370
167371
